15
53
17545 4032
11025 2956
28267 -32620
-29445 17674
-22029 918
-20897 -10425
15430 -6999
1703 -10562
6281 4350
6343 15226
-16060 17960
1758 -21345
-28564 -23141
-9068 14403
28961 8201
30026 25975
10047 16977
5394 5218
-15331 -10625
-31288 29982
26200 16002
23617 -24991
18167 3885
-19057 26472
28024 8088
-7615 -401
17966 8250
12831 29357
-5107 -13767
27258 5080
12344 30202
-12041 -27489
20616 -19258
9541 -19392
-31934 20484
-27727 -9029
14042 28695
-16783 4250
-28396 -23768
29228 -21582
16759 22627
-13849 -11037
20020 32377
17782 -17344
-4960 -29134
-5683 -74
-5777 -8875
23244 -14503
-24401 25160
22644 29477
19383 -4839
-7229 -14332
5696 -7718
24166 -26685
-7025 1830
78
14325 24661
2117 9733
-5176 5993
-21087 24970
27468 32329
3054 -32447
-2458 -6068
-29431 -31569
2322 -16036
11271 -7635
-28361 1891
14702 10779
-3946 -25152
-12576 -26707
17762 -2375
32658 -9071
-8140 26972
10134 21955
24514 -452
-311 12709
18715 -31785
-19144 -5746
7007 2994
20170 6850
7793 -21237
-31854 20541
-32318 17613
-31547 2114
-31634 -3341
26244 -26370
-11641 17112
-26047 21712
409 -17462
13095 -29854
-22097 -18781
-17892 -28303
23798 9621
-17579 16101
31247 -17543
-17484 8917
-15321 -2184
-27855 -16576
-25054 -18011
19475 -6205
2543 6386
18642 15498
-4085 -14794
-21267 -28245
-275 17149
24316 29574
29071 -10825
16696 -7322
26840 29399
-29954 3118
17468 26467
24265 20015
32672 22212
4595 8886
-5010 10226
-21682 -11156
-14724 -16905
29162 -9610
20316 3233
26585 -28561
15197 13112
2897 20032
13380 -23745
17788 2264
14946 2872
11506 19584
25854 27603
32253 4064
7434 6062
-22109 -14453
-3624 32129
19952 -18523
-24619 16553
7365 17015
-18641 6425
-4523 -3635
87
5250 -27464
-27632 -17453
10844 -23620
-25725 -6942
14113 30437
24123 -16601
-9672 -28234
-28530 30480
7708 25265
-20811 5563
19901 -10765
21493 -20633
-32335 5213
7100 -12763
18183 4036
14677 -16425
-212 -24579
14158 31967
13103 -23144
19466 15798
17011 -23503
1663 -19943
5909 11531
-26522 -6864
17428 28728
-958 30076
21176 14373
13492 5448
12635 -23463
14972 458
-18354 -8763
6767 23049
25258 -17025
-24138 23468
-20083 2838
-6710 -13819
15772 -26080
15798 -8953
27572 -1166
8721 -11826
25474 -17943
30810 -31559
9614 14231
-3262 10456
27915 -933
6343 7437
-9851 -4492
26877 30239
18116 -6127
-29109 -24737
-21180 20943
-6469 18244
-32446 20250
9651 -18658
-3572 13320
-1413 16852
32759 -19506
-17884 -14104
13152 -20715
-1724 -24060
14149 28423
10576 -15617
-19127 28740
31222 -10093
7632 -28991
-30271 -30609
-32734 2281
3786 29300
4117 13398
-24130 -15285
4829 32303
20980 -26870
11543 -24981
-6952 5841
14378 -6584
5917 -1430
28538 27368
27248 13817
-11686 -11207
11527 17341
-11833 -14342
-19157 -15694
14985 20433
2639 -10113
21013 25994
26322 2400
-11250 -2058
-26023 24791
8081 -7116
11
-4433 30484
-9581 -17526
-22653 -32510
-32168 24353
-11774 -21157
15699 -16769
-20244 -6762
30878 -8822
10882 12653
-2051 21864
15757 -23742
19500 -2650
-13038 -9782
78
589 9896
14872 -17062
-27280 -8774
-19242 -7708
10535 -20608
-55 -27473
9696 31555
-17519 4763
-3246 -882
19729 15171
-6661 -12112
-20348 25091
31079 -28986
5560 -927
18798 -6311
-31107 12734
28353 -14988
31744 -16063
-24883 -21780
-28310 -4786
-11564 -24743
4677 -15709
26019 -17530
16949 9998
1383 -31696
25163 -23785
23646 -14817
-24502 -28629
21557 17970
-13819 28161
12071 -27151
26933 -29094
-26903 22957
31293 -30807
6440 -11434
-27797 10046
29408 21686
16366 30138
28154 28198
27244 30100
-13102 -12626
26892 30712
-4350 -1930
17208 -11898
14482 -21607
-30060 -12190
12757 -12946
-19556 12185
24326 2713
-14630 -29254
30678 -6739
7789 -16478
29672 -16841
31405 14025
-11486 -6387
-8790 3646
-8562 31632
-25676 -18607
14410 -13452
12954 -22572
-24362 -20016
-9491 27100
-3594 -17448
-4096 18144
24319 21905
-28346 -28620
4363 -31573
-8687 -24725
-9834 -20032
5864 15893
-9 19037
-16137 -30510
-27855 -26113
-23061 12976
-19801 -18665
-6448 6668
-29245 -17151
29311 11135
19725 -16377
-10816 -28732
56
22880 -8098
-5147 -14596
-10399 1456
-26235 -26682
6921 -3275
29814 11258
-4072 31934
17301 11029
20336 10958
-18608 19938
14421 29404
-3296 27280
7507 21171
-29883 5103
-7302 29638
-9474 18272
32642 19076
-20040 24282
-12974 -30865
-28774 -13893
-14902 -5998
29356 14969
-22291 30746
18268 23537
-13122 21652
-25810 -30143
6178 -11487
-6138 -16540
18238 935
-19650 32641
9511 -7573
24790 21882
4347 24139
-11255 -20307
-12934 15424
-28296 18134
-12775 -20413
8021 31153
8458 -8971
31061 -19792
-6480 13922
-5945 10906
13743 28185
-13698 -9169
-21072 -24605
12433 -25274
-551 -11946
28514 17412
17096 5822
11344 130
29150 -22385
-7071 21767
-11591 -3433
-28863 -28365
-535 25797
24444 5297
-8467 15431
15618 -13049
18
-20875 -4791
-12294 -27093
9892 -7149
-23878 -25323
-10743 14296
9833 -8729
-15815 20346
31886 -20262
6662 31473
-20850 23828
-13542 -13846
4034 7304
12318 -7424
-28430 25091
31878 31190
-11846 -14039
31882 -5937
20048 -21544
11009 23452
-27128 -23614
23
-3236 19819
3829 -23594
-27619 -26007
-13761 9586
-31724 24217
-25602 22048
-8703 -4242
11829 -3876
-18364 28741
-28878 4524
-5551 27415
-26336 -16046
9734 1515
15340 -30587
-32114 -31865
-29119 -29022
26293 4595
9225 9551
-11243 20653
-3611 -3788
25617 -32130
8792 -31756
8811 -9229
15142 -11281
32573 -2530
65
-26711 -17965
27243 3949
-20056 -19294
-24755 -21738
20477 15073
14694 -31146
30363 29501
-31649 -22043
-2530 -13346
-15318 -4355
10892 2735
9212 4983
-10902 -5835
-11771 29484
31132 9600
-14036 -5512
-30997 -20521
31215 -3261
18625 -22512
9579 -13428
12640 -18411
-1365 2216
-17008 -2308
31471 -16345
24623 14126
-22119 30595
25292 -25772
12164 -7048
8855 -195
16596 15793
-17358 1923
-868 10995
9220 24732
12357 21854
15269 -2117
20055 -5102
18395 8465
10725 21193
18733 28031
2351 18671
24142 -23348
-6969 -31807
-20567 -2299
9976 19014
31450 17715
19974 20283
-12765 -29902
-26896 -20211
-13171 25348
15806 -5860
-3668 21210
30876 -2949
11778 26806
-31927 20159
20761 -19491
-14252 24221
-9967 5394
20768 6873
-21232 990
8629 18513
-19926 26399
8954 -12417
9056 20080
31112 -10857
11881 -8180
17873 8554
31000 -2297
5
9695 9892
18190 -19384
8904 -16285
-14904 -61
-22316 1956
-12224 -3053
12590 19675
15
-4914 -22983
32113 -8238
26301 10005
-32628 -1995
32033 -24217
2240 -17095
-7156 1090
18385 18488
18933 -20614
-7698 -18399
-23253 11089
-9585 -24606
12367 -32568
2945 14301
-17264 -20953
-10667 -18982
23269 -977
59
-7207 14245
6750 19068
9048 -1804
25250 -23495
-24855 12940
7939 -27681
14223 -18617
-30909 -4733
16362 16808
11361 -32736
21334 27941
-26800 -28695
-30219 -3990
7119 2007
-30973 30532
2249 4230
-28058 -26392
1300 -21970
-17252 -21197
-13059 4985
-26364 -14464
-10171 -22338
2227 -32477
-23800 -11871
16912 -24966
-20035 -32089
6268 6872
-6091 26177
-9694 -7315
-16618 -25945
-23424 -5691
-23544 -10607
-6426 -11436
4161 6716
4961 25715
21873 22200
-12349 -20911
27554 -4923
25063 -2448
31827 4295
20798 31295
-18104 15284
-30379 -19482
-19640 10911
7542 8031
-32066 -14072
10351 20432
-31892 14950
-9617 -26409
23438 11425
16673 6678
10128 -21069
6777 10041
14180 28665
-810 31040
-25649 -11202
-30583 -28555
14410 -2424
-10540 -10423
-16428 7493
9213 19628
64
31699 -31988
-29319 -23491
1814 30053
-3595 -4693
-5435 12035
29260 -23903
-9539 -28205
1953 10849
-6767 -4014
-24570 -5082
-1925 3910
8781 -28122
-11043 -27326
17739 -22381
-7648 -7376
-11396 -1185
12319 15232
21342 23134
-25494 11802
-12458 -20984
-22312 28296
13572 -17167
-8909 -16085
-27255 6536
-5778 -19222
5403 2080
-8894 -14630
-6520 29514
-4387 -30380
-829 30465
8401 27068
23320 -11270
-5426 -18805
22919 13414
-26037 11413
-25803 -20044
12393 -10315
-3945 -30145
-12559 16447
12295 9371
-206 10092
-9568 -5110
10628 27501
-16674 4140
1945 -6234
-19326 -590
-4260 -22949
-2701 -2431
-28194 10086
17512 29542
9383 30101
-28268 -21487
30458 -5538
32348 -19241
-16611 -8360
28667 -1654
-61 5548
-343 -22279
4112 9524
27759 -24880
13913 14230
-7842 -13340
-19707 -19204
-17104 11612
-25375 -5150
-5951 18575
31
-25930 15320
13144 -23859
21044 29387
-6501 -15077
-1257 -31957
11276 17716
5382 -9081
6790 -15557
4658 221
8432 -22698
-13040 9941
15579 31839
-12217 13634
18350 24654
-20887 25378
-29841 22097
7068 -29022
-9354 -31269
7086 -31891
-13002 19221
2290 -2733
14019 -14670
30941 -22362
-9027 -19444
21288 -640
-9634 29803
20141 -22383
6216 25661
-26517 -26003
-4536 7387
32631 -15262
-24458 -1771
19191 17940
86
-29805 -29379
-319 -14015
17661 16274
5444 -31499
-29624 -29951
11285 -16330
10120 21520
24874 28771
-27047 32267
-19050 4317
2709 8879
4625 25772
30031 -28238
14617 -32519
28037 15745
1374 -6539
4222 -23930
29627 26658
-7623 20452
-29621 28305
-13608 -1728
22074 -3010
-4505 11988
30009 -7693
29615 -21445
-24077 13475
-10854 1130
-3520 8663
-9861 9522
21433 -19768
-17041 -28581
443 16417
-18663 24933
-13759 -20692
-4374 28560
-28312 -25809
24144 -28805
-2927 -19813
-4846 -10423
-26435 12055
-29379 20956
27935 -25093
19660 -25605
22704 -7919
31492 24122
-8059 -26225
-11388 30110
-26442 -10563
-29760 15711
16608 -19118
-18597 -32423
19853 21660
23604 10810
-31508 -7225
-20428 -9398
9517 7691
29998 31044
-13813 -1169
-24955 24355
-14810 14624
-5704 -22631
23808 -1432
23946 218
-31093 -4309
-31774 10034
18760 -12906
18613 11796
904 32038
-18160 -15983
14228 21852
20110 -17687
16792 -30867
-27421 -7662
13425 -2735
17007 -24210
-28943 14385
12551 -20567
-812 29161
-21511 2484
-8281 -1149
3559 -20139
22327 29942
19824 28762
-7894 -23475
-17702 -21946
11896 -14642
1745 -24229
932 -24805
